"country"	"year"	"global_fund_donors"	"pmi_usaid_donors"	"world_bank_donors"	"uk_donors"	"government_country"	"global_fund_country"	"world_bank_country"	"pmi_usaid_country"	"other_bilateral_country"	"who_country"	"unicef_country"	"other_country"	"region"
"Chad"	2019	40139163	0	0	0	0	0	0	0	0	0	0	0	"Africa"
"Chad"	2020	13717911	0	0	0	0	0	0	0	0	0	0	0	"Africa"
"Chad"	2021	24286670	0	0	0	0	0	0	0	0	0	0	0	"Africa"
"Comoros"	2019	1592918	0	0	0	120896	824954	0	0	0	0	0	0	"Africa"
"Comoros"	2020	2007101	0	0	0	50278	1968573	0	0	0	0	1932	0	"Africa"
"Comoros"	2021	1256457	0	0	0	322003	1658731	0	0	38604	15627	0	0	"Africa"
"Congo"	2019	10841019	0	0	0	1360219	6689800	0	0	0	67741	0	15000	"Africa"
"Congo"	2020	5373274	0	0	0	18826146	12660948	0	7200	0	0	0	15000	"Africa"
"Congo"	2021	5077624	0	0	0	0	0	0	0	0	0	0	0	"Africa"
"Cote d'Ivoire"	2019	60074073	26354248	0	0	6428287	60947905	0	21342862	0	5984	60980	2500000	"Africa"
"Cote d'Ivoire"	2020	47183774	26038843	0	0	18144667	33908462	0	2.5e+07	0	0	0	0	"Africa"
"Cote d'Ivoire"	2021	42348291	2.5e+07	0	0	13921781	22074036	0	2.5e+07	0	8211	5076318	0	"Africa"
"Democratic Republic of the Congo"	2019	124338786	52708496	0	788010	1504555	112504296	0	41897052	0	148208	802250	0	"Africa"
"Democratic Republic of the Congo"	2020	158030595	57285454	0	1842905	1486548	141146584	0	39293479	0	412688	0	3.2e+07	"Africa"
"Democratic Republic of the Congo"	2021	143878029	54500000	0	1842905	1427241	104336236	0	70289620	0	328000	0	3.2e+07	"Africa"
"Equatorial Guinea"	2019	-230482	0	0	0	3324311	0	0	0	0	0	0	0	"Africa"
"Equatorial Guinea"	2020	0	0	0	0	3353293	0	0	0	0	0	0	0	"Africa"
"Equatorial Guinea"	2021	0	0	0	0	3219511	0	0	0	0	0	0	0	"Africa"
"Eritrea"	2019	9427262	0	0	0	423307	4788233	0	0	0	120000	0	0	"Africa"
"Eritrea"	2020	4649703	0	0	0	426998	12302113	0	0	0	0	0	0	"Africa"
"Eritrea"	2021	4210626	0	0	0	409962	3133493	0	0	0	0	0	0	"Africa"
"Eswatini"	2019	881581	0	0	0	883848	1005542	0	0	0	10613	0	0	"Africa"
"Eswatini"	2020	589281	0	0	0	916776	736128	0	0	0	10613	0	0	"Africa"
"Eswatini"	2021	1260814	0	0	0	841829	1434576	0	0	0	0	0	0	"Africa"
"Ethiopia"	2019	28113549	37950117	0	0	24148647	26083562	0	1.8e+07	0	0	0	122344828	"Africa"
"Ethiopia"	2020	15193760	37495933	0	0	27736303	27356758	0	3.2e+07	0	0	0	0	"Africa"
"Ethiopia"	2021	23136737	3.6e+07	0	0	26856645	22014812	0	3.6e+07	0	0	0	0	"Africa"
"Gabon"	2019	0	0	0	0	420789	0	0	0	1885319	0	0	0	"Africa"
"Gabon"	2020	-28247	0	0	0	83574	0	0	0	0	2000	0	6000	"Africa"
"Gabon"	2021	0	0	0	0	314372	0	0	0	44064	24141	15195	0	"Africa"
"Gambia"	2019	3596861	0	0	0	1268631	3940063	0	0	0	68000	90000	288646	"Africa"
"Gambia"	2020	5849843	0	0	0	961649	0	0	0	0	0	0	0	"Africa"
"Gambia"	2021	12725069	0	0	0	1100546	15802151	0	0	0	0	0	0	"Africa"
"Ghana"	2019	37709188	29516758	0	1541341	11350527	28442224	0	22448510	0	3e+05	0	0	"Africa"
"Ghana"	2020	37953867	29163504	0	768125	11350527	60415856	0	2.8e+07	0	3e+05	0	0	"Africa"
"Ghana"	2021	57828600	2.8e+07	0	768125	11980643	35593618	0	2.8e+07	0	3e+05	0	0	"Africa"
"Guinea"	2019	30552991	15812549	541430	0	1002595	25261667	0	1.5e+07	0	39000	0	0	"Africa"
"Guinea"	2020	16545338	16664859	237996	0	4584656	0	0	1.5e+07	0	0	0	0	"Africa"
"Guinea"	2021	38261447	1.5e+07	237996	0	8242874	0	0	1.5e+07	0	0	0	0	"Africa"
"Guinea-Bissau"	2019	5075144	0	0	0	0	540184296	0	0	0	0	0	0	"Africa"
"Guinea-Bissau"	2020	20940261	0	0	0	0	0	0	0	0	0	0	0	"Africa"
"Guinea-Bissau"	2021	2410409	0	0	0	0	0	0	0	0	0	0	0	"Africa"
"Kenya"	2019	35235911	36895947	0	0	6924320	14497642	0	3.4e+07	0	0	0	0	"Africa"
"Kenya"	2020	17075208	34892049	0	253730	6230802	48427650	0	3.4e+07	0	0	0	0	"Africa"
"Kenya"	2021	28871917	33500000	0	253730	0	0	0	0	0	0	0	0	"Africa"
"Liberia"	2019	6740547	14758379	0	0	20684910	11500991	0	1.2e+07	0	0	0	0	"Africa"
"Liberia"	2020	9639183	14581752	0	0	20684910	0	0	0	0	0	0	0	"Africa"
"Liberia"	2021	21895302	1.4e+07	0	0	19859668	0	0	0	0	0	0	0	"Africa"
"Madagascar"	2019	6746680	27408418	0	0	0	18378714	0	2.6e+07	0	50000	0	0	"Africa"
"Madagascar"	2020	34982363	27080396	0	0	7674	17500000	0	2.6e+07	0	40000	0	0	"Africa"
"Madagascar"	2021	16146415	2.6e+07	0	0	6998	30712141	0	0	0	45200	0	0	"Africa"
"Malawi"	2019	15247795	25300078	0	0	334921	12768682	0	0	0	150000	0	0	"Africa"
"Malawi"	2020	41672855	24997289	0	0	292899	162082558	0	2.4e+07	0	0	3e+05	0	"Africa"
"Malawi"	2021	65321494	2.4e+07	0	0	130047	16143765	0	2.4e+07	0	0	3e+05	0	"Africa"
"Mali"	2019	22239041	26354248	11392131	0	1342820	19414667	1085642	2.5e+07	0	24083	2420	7224	"Africa"
"Mali"	2020	28102642	26038843	2082893	0	6613663	9401568	3682999	2.5e+07	0	103223	4356515	5579	"Africa"
"Mali"	2021	10908873	26500000	2082893	0	6226039	16113605	0	2.5e+07	0	33766	1588792	0	"Africa"
"Mauritania"	2019	77186	0	0	0	131548	175296	0	0	0	0	0	0	"Africa"
"Mauritania"	2020	513030	0	0	0	1241048	3172626	0	0	0	0	0	0	"Africa"
"Mauritania"	2021	0	0	0	0	0	0	0	0	0	0	0	0	"Africa"
"Mozambique"	2019	53652975	30570928	0	0	1948730	62708218	0	2.9e+07	39548431	414944	1102707	17667110	"Africa"
"Mozambique"	2020	92398106	30205057	0	0	14352922	84260635	0	2.9e+07	1102477	67741	2051725	0	"Africa"
"Mozambique"	2021	26216859	2.9e+07	0	0	1470927	15473237	0	2.9e+07	1138630	0	0	2525488	"Africa"
"Namibia"	2019	651913	0	0	0	11725576	3377753	0	0	0	1e+05	0	150000	"Africa"
"Namibia"	2020	1400924	0	0	0	10750723	1055154	0	0	0	1e+05	0	150000	"Africa"
"Namibia"	2021	-3350	0	0	0	11353994	1160669	0	0	0	0	0	0	"Africa"
"Niger"	2019	22171167	18975058	8053102	0	1404583	16329651	6319943	1.8e+07	0	86206	693054	0	"Africa"
"Niger"	2020	38684153	18747967	8231430	0	2533067	42538813	5666648	1.8e+07	0	372600	382247	20000	"Africa"
"Niger"	2021	44490085	1.9e+07	8231430	0	35781195	28962663	0	1.8e+07	0	68000	0	0	"Africa"
"Nigeria"	2019	121528650	73791894	4121091	2658598	10313996	131373863	0	7e+07	0	0	0	0	"Africa"
"Nigeria"	2020	106146698	80199635	5413630	4365830	6354340	116796451	0	7e+07	0	0	0	0	"Africa"
"Nigeria"	2021	126299731	7.4e+07	5413630	4365830	6100829	11464767	0	0	0	0	0	0	"Africa"
"Rwanda"	2019	36398537	18975058	0	0	30472953	18517439	0	1.8e+07	0	0	0	0	"Africa"
"Rwanda"	2020	25008985	20831074	0	0	32139073	29647540	0	1.8e+07	0	0	0	0	"Africa"
"Rwanda"	2021	29320994	19500000	0	0	30547621	22490626	0	1.8e+07	0	0	0	0	"Africa"
"Sao Tome and Principe"	2019	-537155	0	0	0	123550	517594	0	0	3322449	126121	52141	0	"Africa"
"Sao Tome and Principe"	2020	0	0	0	0	89918	164173	0	0	0	75939	4186	0	"Africa"
"Sao Tome and Principe"	2021	0	0	0	0	0	0	0	0	0	0	0	0	"Africa"
"Senegal"	2019	12198895	25300078	0	0	9930281	9005006	0	2.4e+07	0	0	0	14567962	"Africa"
"Senegal"	2020	10932309	23434958	0	0	41130896	11880855	0	21818182	1478320	0	0	6246030	"Africa"
"Senegal"	2021	943823	25500000	0	0	73322881	16233123	0	22500000	0	0	0	37370100	"Africa"
"Sierra Leone"	2019	1282546	15812549	0	0	135588	7522931	0	1.5e+07	0	70000	2059	4779	"Africa"
"Sierra Leone"	2020	828004	15623306	0	0	102753	0	0	1.5e+07	0	0	0	0	"Africa"
"Sierra Leone"	2021	2434083	1.6e+07	0	0	98654	0	0	14500000	0	0	0	0	"Africa"
"South Africa"	2019	0	0	0	0	20294067	6591498	0	0	0	45000	0	1132611	"Africa"
"South Africa"	2020	0	0	0	161901	20633960	624227	0	0	0	0	0	0	"Africa"
"South Africa"	2021	0	0	0	161901	21644538	5504950	0	0	0	0	0	0	"Africa"
"South Sudan8"	2019	13056781	0	0	12706586	1127852	17047017	3124679	0	3755637	0	0	0	"Africa"
"South Sudan8"	2020	14541849	0	0	5600052	1989688	8131978	0	0	0	0	0	0	"Africa"
"South Sudan8"	2021	38956168	0	0	5600052	1910308	5044295	0	0	0	0	0	0	"Africa"
"Togo"	2019	9133478	0	788396	0	381822	0	0	0	0	0	0	0	"Africa"
"Togo"	2020	17028218	0	0	0	2897413	0	0	0	0	0	0	0	"Africa"
"Togo"	2021	16885154	0	0	0	0	0	0	0	0	0	0	0	"Africa"
"Uganda"	2019	41431927	34787607	0	12448819	7678069	58333000	0	3.3e+07	14389262	0	1254438	705940	"Africa"
"Uganda"	2020	89670942	36454380	0	6019790	7586178	76941854	0	3.3e+07	6014987	0	0	0	"Africa"
"Uganda"	2021	63840992	3.4e+07	0	6019790	0	0	0	3.3e+07	0	0	0	0	"Africa"
"United Republic of Tanzania"	2019	57839973	46383476	0	97938	78220595	27145381	0	9871122	10000	57875	0	0	"Africa"
"United Republic of Tanzania"	2020	91283184	43745255	0	0	80526713	0	0	1034687	0	0	0	10000	"Africa"
"United Republic of Tanzania"	2021	98361078	4.2e+07	0	0	81266372	2569360	0	1180198	0	0	0	6883	"Africa"
"Mainland"	2019	0	0	0	0	78114720	25110093	0	8774918	0	57875	0	0	"Africa"
"Mainland"	2020	0	0	0	0	80444879	0	0	0	0	0	0	0	"Africa"
"Mainland"	2021	0	0	0	0	81215121	0	0	0	0	0	0	0	"Africa"
"Zanzibar"	2019	0	0	0	0	105875	2035288	0	1096204	10000	0	0	0	"Africa"
"Zanzibar"	2020	0	0	0	0	81834	0	0	1034687	0	0	0	10000	"Africa"
"Zanzibar"	2021	0	0	0	0	51251	2569360	0	1180198	0	0	0	6883	"Africa"
"Zambia"	2019	25007812	31625097	367255	199103	16171488	17019922	0	3e+07	0	3e+05	0	5330000	"Africa"
"Zambia"	2020	42667131	31246611	540211	0	15977949	47613297	0	3e+07	0	3e+05	0	0	"Africa"
"Zambia"	2021	38647166	3e+07	540211	0	14094553	29446626	0	3e+07	0	250000	0	0	"Africa"
"Zimbabwe"	2019	18240345	15812549	0	0	3969213	25931599	0	11208498	0	140000	0	0	"Africa"
"Zimbabwe"	2020	33410312	15623306	0	0	1856205	12796329	0	1.2e+07	0	0	0	0	"Africa"
"Zimbabwe"	2021	49085307	1.5e+07	0	0	1750520	42425446	0	11208490	0	0	0	0	"Africa"
"Belize"	2019	0	0	0	0	265651	0	0	11058	0	0	0	0	"Africa"
"Belize"	2020	0	0	0	0	253993	20554	0	0	0	0	0	0	"Africa"
"Belize"	2021	0	0	0	0	209639	41109	0	0	0	0	0	0	"Africa"
"Bolivia (Plurinational State of)"	2019	867337	0	0	0	308716	1191940	0	0	0	27891	0	0	"Africa"
"Bolivia (Plurinational State of)"	2020	1928329	0	0	0	156233	1269187	0	0	0	0	0	0	"Africa"
"Bolivia (Plurinational State of)"	2021	1316081	0	0	0	336667	0	0	0	0	0	0	0	"Africa"
"Brazil"	2019	0	0	0	0	58448223	0	0	154641	0	0	0	0	"Africa"
"Brazil"	2020	0	0	0	0	55558301	0	0	13000	0	0	0	0	"Africa"
"Brazil"	2021	0	0	0	0	41066648	0	0	40000	0	0	0	0	"Africa"
"Colombia"	2019	0	0	0	0	6324464	0	0	269661	0	0	0	0	"Africa"
"Colombia"	2020	0	0	0	0	5550166	0	0	0	0	0	0	1066811	"Africa"
"Colombia"	2021	0	0	0	0	2036333	0	0	84662	0	0	0	795345	"Africa"
"Costa Rica"	2019	0	0	0	0	5270850	0	0	7991	0	22842	0	0	"Africa"
"Costa Rica"	2020	0	0	0	0	208687	0	0	0	0	56000	0	8000	"Africa"
"Costa Rica"	2021	0	0	0	0	106406	0	0	83093	0	14000	0	24577	"Africa"
"Dominican Republic"	2019	0	0	0	0	2699469	0	0	313661	0	322922	0	186078	"Africa"
"Dominican Republic"	2020	0	0	0	0	1254339	0	0	0	0	10440	0	415233	"Africa"
"Dominican Republic"	2021	0	0	0	0	919887	0	0	67380	0	10000	0	621664	"Africa"
"Ecuador"	2019	0	0	0	0	2820454	0	0	71420	0	76400	0	0	"Africa"
"Ecuador"	2020	0	0	0	0	1153024	0	0	40000	0	31000	0	33000	"Africa"
"Ecuador"	2021	0	0	0	0	0	0	0	68178	0	55000	0	0	"Africa"
"French Guiana"	2019	0	0	0	0	0	0	0	0	0	0	0	0	"Africa"
"French Guiana"	2020	0	0	0	0	0	0	0	0	0	0	0	0	"Africa"
"French Guiana"	2021	0	0	0	0	0	0	0	0	0	16340	0	0	"Africa"
"Guatemala"	2019	653275	0	0	0	1347222	520837	0	76014	0	110535	0	0	"Africa"
"Guatemala"	2020	2941532	0	0	0	3300192	2984711	0	0	0	11122	0	1025373	"Africa"
"Guatemala"	2021	1454733	0	0	0	3433146	0	0	0	0	0	0	236936	"Africa"
"Guyana"	2019	79794	0	0	0	771827	299843	0	1e+06	0	140000	0	0	"Africa"
"Guyana"	2020	311162	0	0	0	637049	421050	0	28415	0	0	0	0	"Africa"
"Guyana"	2021	1508692	0	0	0	8830132	485999	0	901000	0	0	0	207741	"Africa"
"Haiti"	2019	6365257	0	0	0	2408523	6006513	0	10445	0	266004	0	203638	"Africa"
"Haiti"	2020	8032623	0	0	0	0	0	0	131147	0	75612	0	123742	"Africa"
"Haiti"	2021	7984314	0	0	0	0	3590047	0	144000	0	0	0	0	"Africa"
"Honduras"	2019	1628562	0	0	0	572743	1511759	0	67612	595460	2613	0	621496	"Africa"
"Honduras"	2020	2016988	0	0	0	565889	926108	0	0	0	45451	0	0	"Africa"
"Honduras"	2021	683331	0	0	0	543312	1438564	0	0	0	1e+05	0	1903289	"Africa"
"Mexico"	2019	0	0	0	0	39029833	0	0	41177	0	59429	0	0	"Africa"
"Mexico"	2020	0	0	0	0	8449764	0	0	0	0	0	0	0	"Africa"
"Mexico"	2021	0	0	0	0	7465765	0	0	0	0	20100	0	0	"Africa"
"Nicaragua"	2019	3135894	0	0	0	6487924	2313411	0	100	4e+05	13408	0	15020	"Africa"
"Nicaragua"	2020	1665930	0	0	0	7193840	1607911	0	0	0	15235	0	444514	"Africa"
"Nicaragua"	2021	1681870	0	0	0	7659140	1722062	0	0	0	0	0	1474595	"Africa"
"Panama"	2019	0	0	0	0	6729161	475156	0	32085	668596	62342	0	79896	"Africa"
"Panama"	2020	0	0	0	0	6041011	418786	0	9058	0	0	0	44949	"Africa"
"Panama"	2021	0	0	0	0	6236013	198000	0	20930	0	99636	0	179472	"Africa"
"Peru"	2019	0	0	0	0	3912630	0	0	193079	0	0	0	0	"Africa"
"Peru"	2020	0	0	0	0	15237676	0	0	51143	0	0	0	0	"Africa"
"Peru"	2021	0	0	0	0	21730670	0	0	35661	0	0	0	0	"Africa"
"Suriname"	2019	690835	0	0	0	1356092	695291	0	46808	0	5000	0	30000	"Africa"
"Suriname"	2020	951828	0	0	0	1533114	849957	0	0	15000	0	0	65000	"Africa"
"Suriname"	2021	975225	0	0	0	1471949	849957	0	76565	15000	0	0	63835	"Africa"
"Venezuela (Bolivarian Republic of)"	2019	0	0	0	0	0	0	0	0	0	147419	0	0	"Africa"
"Venezuela (Bolivarian Republic of)"	2020	13250391	0	0	0	0	0	0	0	0	39384	0	0	"Africa"
"Venezuela (Bolivarian Republic of)"	2021	12515489	0	0	0	0	0	0	0	0	0	0	0	"Africa"
"Afghanistan"	2019	10751612	0	0	0	0	7759216	0	0	0	80885	0	0	"EastMediterranean"
"Afghanistan"	2020	6501085	0	0	0	0	11733984	0	0	0	19367	0	0	"EastMediterranean"
"Afghanistan"	2021	9312416	0	0	0	0	12150115	0	0	0	46378	0	0	"EastMediterranean"
"Djibouti"	2019	1112797	0	27103	0	1536115	171627	0	0	0	406776	0	0	"EastMediterranean"
"Djibouti"	2020	1130197	0	240660	0	507285	0	0	0	0	0	0	0	"EastMediterranean"
"Djibouti"	2021	0	0	240660	0	1545223	1349614	0	0	0	153658	0	0	"EastMediterranean"
"Iran (Islamic Republic of)"	2019	-110959	0	0	0	3088718	0	0	0	0	38000	0	0	"EastMediterranean"
"Iran (Islamic Republic of)"	2020	0	0	0	0	2812195	0	0	0	0	156373	0	0	"EastMediterranean"
"Iran (Islamic Republic of)"	2021	0	0	0	0	112000	0	0	0	0	923878	0	85000	"EastMediterranean"
"Pakistan"	2019	15689389	0	0	0	2575963	14600000	0	0	0	296000	0	0	"EastMediterranean"
"Pakistan"	2020	12419596	0	0	0	3337764	11858304	0	0	0	149566	0	0	"EastMediterranean"
"Pakistan"	2021	13354832	0	0	0	3384559	13601348	0	0	0	0	0	0	"EastMediterranean"
"Saudi Arabia"	2019	0	0	0	0	31625097	0	0	0	0	0	0	0	"EastMediterranean"
"Saudi Arabia"	2020	0	0	0	0	31246611	0	0	0	0	0	0	0	"EastMediterranean"
"Saudi Arabia"	2021	0	0	0	0	3e+07	0	0	0	0	0	0	0	"EastMediterranean"
"Somalia"	2019	4476727	0	0	0	126606	9474797	0	0	0	73840	0	0	"EastMediterranean"
"Somalia"	2020	10720350	0	0	0	168872	9515651	0	0	0	12450	0	0	"EastMediterranean"
"Somalia"	2021	13499724	0	0	0	243202	21735290	0	0	0	28680	0	0	"EastMediterranean"
"Sudan"	2019	46691035	0	0	0	0	0	0	0	0	0	0	0	"EastMediterranean"
"Sudan"	2020	49457120	0	0	0	0	51917466	0	0	0	50000	0	0	"EastMediterranean"
"Sudan"	2021	72118821	0	0	0	6976922	12748399	0	0	0	1249098	0	0	"EastMediterranean"
"Yemen"	2019	-59460	0	18722777	0	0	6123238	0	0	0	0	0	0	"EastMediterranean"
"Yemen"	2020	0	0	4374526	0	0	7203048	0	0	0	0	0	0	"EastMediterranean"
"Yemen"	2021	0	0	4374526	0	0	2162232	0	0	0	0	0	0	"EastMediterranean"
"Cambodia"	2019	19089838	10541699	0	0	957972	5108350	0	8714000	420000	0	0	0	"Pacific"
"Cambodia"	2020	20339822	10415537	0	0	979633	4690075	0	8649000	520000	0	0	5633	"Pacific"
"Cambodia"	2021	0	1e+07	0	0	930575	5000100	0	8034662	520000	246523	0	0	"Pacific"
"Lao People's Democratic Republic"	2019	6485880	0	0	0	979276	5327000	0	686183	0	1039774	0	1301618	"Pacific"
"Lao People's Democratic Republic"	2020	7390821	0	0	0	500779	5157000	0	903988	0	0	0	551020	"Pacific"
"Lao People's Democratic Republic"	2021	0	0	0	0	1645898	3718049	0	859788	0	711542	0	1278402	"Pacific"
"Malaysia"	2019	0	0	0	0	51461892	0	0	0	0	0	0	0	"Pacific"
"Malaysia"	2020	0	0	0	0	50249077	0	0	0	0	0	0	0	"Pacific"
"Malaysia"	2021	0	0	0	0	48770844	0	0	0	0	0	0	0	"Pacific"
"Papua New Guinea"	2019	10755826	0	0	0	51233	8831155	0	0	1474700	95000	0	0	"Pacific"
"Papua New Guinea"	2020	9892594	0	0	0	52078	94632334	0	0	0	52000	0	0	"Pacific"
"Papua New Guinea"	2021	14973712	0	0	0	55500	11996849	0	0	0	45000	0	0	"Pacific"
"Philippines"	2019	3228103	0	0	0	2586685	3412622	0	0	0	0	0	0	"Pacific"
"Philippines"	2020	4651619	0	0	0	5102712	5150000	0	0	0	0	0	0	"Pacific"
"Philippines"	2021	1855744	0	0	0	4392228	3918641	0	0	0	0	0	0	"Pacific"
"Republic of Korea"	2019	0	0	0	0	758994	0	0	0	0	0	0	0	"Pacific"
"Republic of Korea"	2020	0	0	0	0	840265	0	0	0	0	0	0	0	"Pacific"
"Republic of Korea"	2021	0	0	0	0	850719	0	0	0	0	0	0	0	"Pacific"
"Solomon Islands"	2019	2065385	0	0	0	316166	717728	0	0	455000	37607	0	0	"Pacific"
"Solomon Islands"	2020	539463	0	0	0	116143	121522	0	0	578144	23400	0	0	"Pacific"
"Solomon Islands"	2021	2171036	0	0	0	276950	1227347	0	0	13600	14025	0	0	"Pacific"
"Vanuatu"	2019	0	0	0	0	191174	182877	0	0	0	178245	0	0	"Pacific"
"Vanuatu"	2020	0	0	0	0	109890	218935	0	0	0	166293	0	0	"Pacific"
"Vanuatu"	2021	0	0	0	0	17400	329022	0	0	0	0	0	0	"Pacific"
"Viet Nam"	2019	17354398	0	0	0	1708089	10221830	0	0	0	333000	0	385000	"Pacific"
"Viet Nam"	2020	18490748	0	0	0	2018602	9366317	0	0	0	0	0	858369	"Pacific"
"Viet Nam"	2021	0	0	0	0	1542014	2418471	0	0	0	0	0	755652	"Pacific"
"Bangladesh"	2019	5698899	0	0	0	2777488	7082673	0	0	0	1e+05	0	0	"SEAsia"
"Bangladesh"	2020	14163659	0	0	0	2570721	15561791	0	0	0	44600	0	0	"SEAsia"
"Bangladesh"	2021	6724656	0	0	0	2468160	22847	944146	0	0	78781	0	0	"SEAsia"
"Bhutan"	2019	404334	0	0	0	265503	418069	0	0	0	40391	0	121212	"SEAsia"
"Bhutan"	2020	1365552	0	0	0	180189	530814	0	0	0	31728	0	114285	"SEAsia"
"Bhutan"	2021	461051	0	0	0	131396	397061	0	0	0	0	0	94108	"SEAsia"
"Democratic People's Republic of Korea"	2019	0	0	0	0	2330875	0	0	0	0	7e+05	0	0	"SEAsia"
"Democratic People's Republic of Korea"	2020	-937319	0	0	0	2333393	0	0	0	0	0	434830	0	"SEAsia"
"Democratic People's Republic of Korea"	2021	0	0	0	0	2269000	513556	0	0	0	0	0	0	"SEAsia"
"India"	2019	23239183	0	0	0	77632329	31242857	0	0	0	0	0	0	"SEAsia"
"India"	2020	17887121	0	0	0	65819304	22618171	0	0	0	0	0	0	"SEAsia"
"India"	2021	26086463	0	0	0	63193385	35570992	0	0	0	0	0	0	"SEAsia"
"Indonesia"	2019	18437183	0	0	0	25926315	25652637	0	0	0	1e+05	782076	0	"SEAsia"
"Indonesia"	2020	14638310	0	0	0	17800386	21448055	0	0	0	1e+05	234343	12687804	"SEAsia"
"Indonesia"	2021	11689248	0	0	0	17090224	14063928	0	0	0	1e+05	234343	0	"SEAsia"
"Myanmar"	2019	31025213	10541699	0	565217	11726459	40110516	0	1e+07	610000	50000	0	0	"SEAsia"
"Myanmar"	2020	33283346	10415537	0	369356	13903341	28727247	0	1e+07	3367484	50000	0	0	"SEAsia"
"Myanmar"	2021	0	1e+07	0	369356	13348655	0	0	0	0	5000	0	0	"SEAsia"
"Nepal"	2019	1608903	0	0	0	647126	2727909	0	621652	0	40000	0	0	"SEAsia"
"Nepal"	2020	1689666	0	0	0	3713285	1862647	0	0	0	40000	0	0	"SEAsia"
"Nepal"	2021	1275647	0	0	0	4461471	1485187	0	0	0	40000	0	0	"SEAsia"
"Thailand"	2019	12148078	3162510	0	0	6096378	8872808	0	1047408	0	70000	0	37710	"SEAsia"
"Thailand"	2020	12943523	0	0	0	6013838	8247913	0	885845	0	87663	0	27514	"SEAsia"
"Thailand"	2021	0	0	0	0	3666021	8379275	0	1156640	0	15362	0	347033	"SEAsia"
"Timor-Leste"	2019	2431858	0	0	0	2405053	2281466	0	0	0	40000	0	256000	"SEAsia"
"Timor-Leste"	2020	3117505	0	0	0	3171788	0	0	0	0	60000	0	21340	"SEAsia"
"Timor-Leste"	2021	1115703	0	0	0	3045247	0	0	0	0	40000	0	10414	"SEAsia"
