"country"	"Year"	"No_of_LLINs_delivered"	"Modelled_percentage_of_population_with_access_to_an_ITN"	"No_of_people_protected_by_IRS"	"No_of_RDTs_distributed"	"Any_first_line_treatment_courses_delivered_including_ACT_"	"No_of_malaria_cases_treated_with_any_first_line_treatment_courses_including_ACT_"	"ACT_treatment_courses_delivered"	"No_of_malaria_cases_treated_with_ACT"	"region"
"Angola"	2019	15293686	27.5	NA	NA	2477124	5575259	2477124	5575259	"Africa"
"Angola"	2020	528563	15.5	44633	7570498	2575738	5797209	2575738	5797209	"Africa"
"Angola"	2021	875247	16.8	620815	6481900	4215061	7793251	4215061	7793251	"Africa"
"Benin"	2019	505670	29.9	1077411	3984677	4455581	2353657	4455581	2353657	"Africa"
"Benin"	2020	13103447	68.5	1104928	4202384	3966505	2095303	3966505	2095303	"Africa"
"Benin"	2021	662290	64	927007	2298798	2985960	2985960	2985960	2985960	"Africa"
"Botswana"	2019	19932	NA	154663	2526	3198	272	3198	272	"Africa"
"Botswana"	2020	80525	NA	152560	NA	11205	953	11205	953	"Africa"
"Botswana"	2021	NA	NA	24620	NA	NA	NA	NA	NA	"Africa"
"Burkina Faso"	2019	1145782	66.5	587248	NA	12428300	11223002	12428300	11223002	"Africa"
"Burkina Faso"	2020	1017084	69.4	508017	12936865	11336876	10237424	11336876	10237424	"Africa"
"Burkina Faso"	2021	1353233	52	591249	9794711	8892174	11030942	8892174	11030942	"Africa"
"Burundi"	2019	7528556	50	725449	NA	9338611	8444710	9271032	8444710	"Africa"
"Burundi"	2020	729431	65.2	1243848	7773268	4743324	4289288	4708998	4289288	"Africa"
"Burundi"	2021	802309	66.9	914778	9563340	11404672	5953811	5693645	5693645	"Africa"
"Cabo Verde"	2019	NA	NA	302520	7867	40	40	40	40	"Africa"
"Cabo Verde"	2020	NA	NA	233171	4399	10	10	10	10	"Africa"
"Cabo Verde"	2021	NA	NA	241552	NA	21	21	21	21	"Africa"
"Cameroon"	2019	8860653	69.3	NA	2082527	1905965	1834114	1905965	1157011	"Africa"
"Cameroon"	2020	2270567	73.5	NA	2840269	1849716	1433934	1849716	1122865	"Africa"
"Cameroon"	2021	1024236	68.4	NA	2027275	1816440	1439118	1816440	1359417	"Africa"
"Central African Republic"	2019	103848	74.7	NA	2764293	5753501	2654215	5640687	2602171	"Africa"
"Central African Republic"	2020	2635388	69.1	NA	NA	4293758	1980804	3773875	1740970	"Africa"
"Central African Republic"	2021	121607	62	NA	2736457	3753972	2223562	3753972	2223562	"Africa"
"Chad"	2019	613700	19.4	NA	1788730	1665212	1665212	1595351	1595351	"Africa"
"Chad"	2020	9138032	50.2	1707286	2340650	1806225	1806225	1452420	1452420	"Africa"
"Chad"	2021	731254	59.8	613037	NA	1012958	1012958	1012958	1012958	"Africa"
"Comoros"	2019	16244	47.3	NA	NA	11593	11593	11593	11593	"Africa"
"Comoros"	2020	462154	71.6	57658	NA	4546	4546	4546	4546	"Africa"
"Comoros"	2021	30891	78.5	127487	31467	10547	9609	10547	9609	"Africa"
"Congo"	2019	2648456	74.8	NA	NA	2e+05	427959	2e+05	233389	"Africa"
"Congo"	2020	1488	86.3	NA	NA	48459	103692	48459	103692	"Africa"
"Congo"	2021	36873	76	NA	NA	187940	161693	187940	161693	"Africa"
"C™te d'Ivoire"	2019	1410391	60.6	NA	6456625	4657570	5200350	4657570	5200350	"Africa"
"C™te d'Ivoire"	2020	1579505	54.9	193935	4837781	4365387	4469333	4365387	4365387	"Africa"
"C™te d'Ivoire"	2021	21733998	81.2	NA	7338750	7073535	6422581	7073535	6234917	"Africa"
"Democratic Republic of the Congo"	2019	20710146	65.8	NA	26963687	18853210	18853210	18853209	18853209	"Africa"
"Democratic Republic of the Congo"	2020	20620187	65.8	NA	28054832	19192708	19192708	19192707	19192707	"Africa"
"Democratic Republic of the Congo"	2021	22579391	67.5	NA	26740915	19260604	18535664	19260604	18535664	"Africa"
"Equatorial Guinea"	2019	14843	47.4	61561	54340	15769	NA	15769	NA	"Africa"
"Equatorial Guinea"	2020	NA	42.5	NA	NA	NA	NA	NA	NA	"Africa"
"Equatorial Guinea"	2021	NA	36.8	NA	NA	NA	NA	NA	NA	"Africa"
"Eritrea"	2019	124225	55.8	437194	388395	207150	65697	207150	65697	"Africa"
"Eritrea"	2020	621094	48.3	466238	505675	118350	73419	118350	73419	"Africa"
"Eritrea"	2021	69347	41.8	444318	437525	89680	42056	89680	42056	"Africa"
"Eswatini"	2019	NA	NA	15066	72369	586	586	516	580	"Africa"
"Eswatini"	2020	NA	NA	53517	104325	279	316	270	316	"Africa"
"Eswatini"	2021	NA	NA	67346	52400	484	606	474	606	"Africa"
"Ethiopia"	2019	15754582	26.2	7782034	8190815	11931656	1015792	5070567	836293	"Africa"
"Ethiopia"	2020	6517480	25.7	6349834	7055575	17135346	1458804	7258381	1197131	"Africa"
"Ethiopia"	2021	7897450	14.6	6690048	7004725	7090882	1144562	5725330	1126731	"Africa"
"Gabon"	2019	3000	15.6	NA	250	117126	117126	117126	117126	"Africa"
"Gabon"	2020	NA	14.7	NA	1250	30819	30819	30819	30819	"Africa"
"Gabon"	2021	NA	13.8	NA	38093	255700	255700	103866	103866	"Africa"
"Gambia"	2019	1115780	60.6	507872	505895	66899	53386	66899	53385	"Africa"
"Gambia"	2020	71469	53.9	477032	525505	90603	72300	90603	72300	"Africa"
"Gambia"	2021	262065	47.6	423511	773375	151189	72247	151045	72247	"Africa"
"Ghana"	2019	2924717	78.9	1986408	12866700	4208875	6164160	4208875	6164160	"Africa"
"Ghana"	2020	2957388	59	2214552	NA	7037451	5174075	7037451	5174075	"Africa"
"Ghana"	2021	17845229	63.8	2128109	10663060	5948832	5728505	5948832	5728505	"Africa"
"Guinea"	2019	8964940	69.6	NA	2857744	2053442	1646493	2053442	1646493	"Africa"
"Guinea"	2020	837395	76	NA	NA	2187117	1831203	2187117	1792653	"Africa"
"Guinea"	2021	945879	49.9	NA	3803960	3497974	2358447	3497974	2358447	"Africa"
"Guinea-Bissau"	2019	102586	37.7	NA	325690	155848	155848	140478	140478	"Africa"
"Guinea-Bissau"	2020	1294976	24.8	NA	NA	152900	152900	137821	137821	"Africa"
"Guinea-Bissau"	2021	73488	21.7	NA	NA	168720	168720	152081	152081	"Africa"
"Kenya"	2019	1797075	61.2	2011860	4179875	8285622	5259988	7247430	5004487	"Africa"
"Kenya"	2020	1349895	46.2	1792495	7223850	9293158	5899605	8543728	5899605	"Africa"
"Kenya"	2021	17912956	57.4	2083177	5930410	4428207	3618614	4169317	3618614	"Africa"
"Liberia"	2019	197736	60.5	NA	536915	2108721	1004895	2108721	732322	"Africa"
"Liberia"	2020	NA	26.1	NA	NA	1790171	621695	1790171	621695	"Africa"
"Liberia"	2021	2943429	59.1	NA	2158290	785485	835087	785485	785485	"Africa"
"Madagascar"	2019	1078541	66.8	1640183	2899007	975587	1008480	975587	1008480	"Africa"
"Madagascar"	2020	1720923	49.8	981936	1950471	1613457	1667856	1613457	1667856	"Africa"
"Madagascar"	2021	13669688	57.3	885814	4345213	1918587	1947787	1918587	1921755	"Africa"
"Malawi"	2019	1064495	71.1	1456138	NA	6638406	5089716	6638406	5089716	"Africa"
"Malawi"	2020	926690	43.2	2379659	16258123	7957086	7095977	7957086	7095977	"Africa"
"Malawi"	2021	9134777	54.1	2407351	NA	8433158	6723831	8433158	6723831	"Africa"
"Mali"	2019	4005010	74.5	690793	3656317	5543127	2846438	5543127	2826112	"Africa"
"Mali"	2020	8680286	84.5	503043	2927529	3516929	2629557	3516929	1793074	"Africa"
"Mali"	2021	3113190	85.1	233663	3267184	1924709	3153865	1924709	2126004	"Africa"
"Mauritania"	2019	22470	10.4	NA	NA	NA	NA	NA	NA	"Africa"
"Mauritania"	2020	1632858	24.6	NA	NA	760	760	760	760	"Africa"
"Mauritania"	2021	10029	43.1	NA	NA	439943	342	20760	342	"Africa"
"Mayotte"	2019	NA	NA	NA	NA	NA	NA	NA	NA	"Africa"
"Mayotte"	2020	NA	NA	NA	NA	NA	NA	NA	NA	"Africa"
"Mayotte"	2021	NA	NA	NA	NA	NA	NA	NA	NA	"Africa"
"Mozambique"	2019	6614068	52.8	6303792	21365400	16867851	10742632	16867851	10742632	"Africa"
"Mozambique"	2020	24534223	65.3	6880851	21425892	17808682	11132323	17808682	11132323	"Africa"
"Mozambique"	2021	1606570	59.6	6484733	24986825	18756461	9979416	18756461	9979416	"Africa"
"Namibia"	2019	NA	NA	149306	247425	3404	3404	3404	3404	"Africa"
"Namibia"	2020	NA	NA	1017366	NA	13636	13636	13636	13636	"Africa"
"Namibia"	2021	NA	NA	191819	NA	13738	13738	13738	13738	"Africa"
"Niger"	2019	1427735	76.6	NA	5831287	3211243	3015081	3211243	3015081	"Africa"
"Niger"	2020	8595289	84.3	NA	NA	3678980	3350428	3678980	3350428	"Africa"
"Niger"	2021	5356900	89.2	NA	689230	5064124	3251475	5064124	3251475	"Africa"
"Nigeria"	2019	32360674	48	NA	26312300	38240771	21252650	38240771	21252650	"Africa"
"Nigeria"	2020	33619587	44.6	NA	15593375	17892696	19902369	17892696	19902369	"Africa"
"Nigeria"	2021	16401333	51	NA	40314426	40314426	34236521	40314426	34236521	"Africa"
"Rwanda"	2019	536637	40.1	4532103	4904370	4231880	3566544	4215120	3545251	"Africa"
"Rwanda"	2020	6218906	60.1	4951899	NA	1243100	1048450	1243100	1048450	"Africa"
"Rwanda"	2021	753171	65.4	5070159	NA	262633	221509	259921	219221	"Africa"
"Sao Tome and Principe"	2019	16260	NA	53401	221450	2457	2457	2457	2457	"Africa"
"Sao Tome and Principe"	2020	11107	NA	69902	NA	1772	1772	1772	1772	"Africa"
"Sao Tome and Principe"	2021	8143	NA	27174	156757	2515	2515	2515	2515	"Africa"
"Senegal"	2019	9373577	62.7	51652	2552381	1073464	354708	971497	339598	"Africa"
"Senegal"	2020	581648	82.4	793026	3324538	1347665	445313	1347665	442413	"Africa"
"Senegal"	2021	1342541	57.7	803093	4736075	1177667	536850	1177667	520738	"Africa"
"Sierra Leone"	2019	492622	49.5	NA	3930606	4751000	2813086	4751000	2404286	"Africa"
"Sierra Leone"	2020	4807339	68.1	NA	429467	1302117	658948	1302117	658948	"Africa"
"Sierra Leone"	2021	452249	69.6	629659	NA	6706736	3394004	6706736	3394004	"Africa"
"South Africa"	2019	NA	NA	1477420	879625	10592	13833	10592	13833	"Africa"
"South Africa"	2020	NA	NA	1830342	435600	16028	20190	16028	16028	"Africa"
"South Africa"	2021	NA	NA	1704233	58750	16853	16853	16853	16853	"Africa"
"South Sudan1"	2019	713717	33.6	344242	NA	4308214	122665	4308214	122665	"Africa"
"South Sudan1"	2020	4273644	52.5	NA	280150	220548	822563	195878	822563	"Africa"
"South Sudan1"	2021	1685771	59.3	263856	NA	1618709	1618709	1618709	1618709	"Africa"
"Togo"	2019	407911	65.7	NA	2957298	2889270	2284746	1499012	2266412	"Africa"
"Togo"	2020	6265275	83.8	NA	NA	2169770	1729667	1134827	1715787	"Africa"
"Togo"	2021	453410	88.9	NA	NA	1401474	1772292	732995	1099350	"Africa"
"Uganda"	2019	1855163	60.6	4478754	30979775	17706390	28847873	17706390	9728920	"Africa"
"Uganda"	2020	25700519	69.8	4671960	36746550	26674975	30962280	26674975	14656782	"Africa"
"Uganda"	2021	1410031	74.5	4466905	NA	31746773	13522685	31746773	14772475	"Africa"
"United Republic of Tanzania2"	2019	6968606	53.8	2989048	26058455	8487473	6385075	8485301	6385075	"Africa"
"United Republic of Tanzania2"	2020	19684506	56.1	2510463	41180225	22636877	7759228	10314557	7759228	"Africa"
"United Republic of Tanzania2"	2021	8264964	50.7	2869266	27850825	11665860	5874588	11665860	5868238	"Africa"
"Mainland"	2019	6745132	NA	2507920	25699255	8479635	6378890	8479635	6378890	"Africa"
"Mainland"	2020	19386472	NA	2285089	40821350	10314557	7759228	10314557	7759228	"Africa"
"Mainland"	2021	7513065	NA	2655998	27850825	11665860	5868238	11665860	5868238	"Africa"
"Zanzibar"	2019	223474	NA	481128	359200	7838	6963	5666	6185	"Africa"
"Zanzibar"	2020	298034	NA	225374	358875	4900	NA	NA	NA	"Africa"
"Zanzibar"	2021	751899	NA	213268	NA	NA	6350	NA	NA	"Africa"
"Zambia"	2019	1024635	48.2	11767404	17737525	19134471	19134471	19134471	19134471	"Africa"
"Zambia"	2020	6179374	45.3	11157421	28988900	7473255	7473255	7473255	7473255	"Africa"
"Zambia"	2021	12147773	57	9480413	37006526	21379380	21379380	21379380	21379380	"Africa"
"Zimbabwe"	2019	2160175	37.8	3164344	1445007	2446203	304309	2446203	304309	"Africa"
"Zimbabwe"	2020	727377	40.3	3528051	2932248	443164	443164	443164	443164	"Africa"
"Zimbabwe"	2021	1227112	36.4	3113471	2289531	133926	133926	133926	133926	"Africa"
"Afghanistan"	2019	1336070	NA	NA	714700	180992	169504	180992	118145	"EastMediterranean"
"Afghanistan"	2020	3140845	NA	NA	337840	153403	103466	153403	100136	"EastMediterranean"
"Afghanistan"	2021	195273	NA	NA	468330	11681	84873	11681	84817	"EastMediterranean"
"Djibouti"	2019	218650	21	37663	335625	148890	47691	148890	47691	"EastMediterranean"
"Djibouti"	2020	145392	12.2	28496	268147	215507	69029	215507	69029	"EastMediterranean"
"Djibouti"	2021	19984	10.4	116961	1e+05	76380	56081	76380	56081	"EastMediterranean"
"Iran (Islamic Republic of)"	2019	NA	NA	59869	7737	NA	1192	8139	158	"EastMediterranean"
"Iran (Islamic Republic of)"	2020	10543	NA	73846	NA	NA	1051	6491	126	"EastMediterranean"
"Iran (Islamic Republic of)"	2021	6044	NA	47762	25025	2856	999	2856	151	"EastMediterranean"
"Pakistan"	2019	2413275	NA	1657670	3895000	290170	413533	57781	90178	"EastMediterranean"
"Pakistan"	2020	1515426	NA	120610	3616500	428738	347500	99425	347500	"EastMediterranean"
"Pakistan"	2021	147880	NA	307272	3721655	422798	365626	123617	87825	"EastMediterranean"
"Saudi Arabia"	2019	NA	NA	225510	135000	25000	2152	15000	1515	"EastMediterranean"
"Saudi Arabia"	2020	NA	NA	129105	165000	37930	3265	31990	3231	"EastMediterranean"
"Saudi Arabia"	2021	NA	NA	95754	165000	30390	2616	20030	2023	"EastMediterranean"
"Somalia"	2019	388766	18	82720	974700	174030	38112	174030	38112	"EastMediterranean"
"Somalia"	2020	1565552	20.6	283665	554500	109490	23978	109490	27333	"EastMediterranean"
"Somalia"	2021	79895	21	80622	647500	180840	NA	180840	NA	"EastMediterranean"
"Sudan"	2019	9288816	59.8	3886652	7246975	4297167	4297167	4297167	4297167	"EastMediterranean"
"Sudan"	2020	5003295	59.8	3901092	4849600	69300703	4863826	69300703	4863826	"EastMediterranean"
"Sudan"	2021	791079	58.5	3870477	2590000	7343701	3708843	7373701	3700843	"EastMediterranean"
"Yemen"	2019	612884	NA	1982284	907425	458103	NA	42698	NA	"EastMediterranean"
"Yemen"	2020	855693	NA	762755	NA	NA	NA	NA	NA	"EastMediterranean"
"Yemen"	2021	1769759	NA	1499738	NA	NA	NA	NA	NA	"EastMediterranean"
"Belize"	2019	0	NA	43497	NA	2	2	0	0	"Americas"
"Belize"	2020	0	NA	45100	0	0	0	0	0	"Americas"
"Belize"	2021	5753	NA	42901	NA	0	0	0	0	"Americas"
"Bolivia (Plurinational State of)"	2019	27000	NA	29228	36800	9357	9357	9357	9357	"Americas"
"Bolivia (Plurinational State of)"	2020	91700	NA	29228	NA	12093	12093	12093	12093	"Americas"
"Bolivia (Plurinational State of)"	2021	23500	NA	NA	NA	9959	9959	9959	9959	"Americas"
"Brazil"	2019	NA	NA	84126	102275	491126	491126	74360	74360	"Americas"
"Brazil"	2020	173850	NA	148897	148200	172047	172047	23691	23691	"Americas"
"Brazil"	2021	144250	NA	202715	154050	148240	137289	34952	34952	"Americas"
"Colombia"	2019	336432	NA	141000	25000	80418	39891	39891	39891	"Americas"
"Colombia"	2020	336432	NA	242748	153867	81368	39879	39879	39879	"Americas"
"Colombia"	2021	208296	NA	245984	95867	73974	36531	36531	36531	"Americas"
"Costa Rica"	2019	NA	NA	NA	NA	NA	NA	NA	NA	"Americas"
"Costa Rica"	2020	NA	NA	6895	5175	141	141	NA	NA	"Americas"
"Costa Rica"	2021	3300	NA	27756	NA	504	504	12	12	"Americas"
"Dominican Republic"	2019	NA	NA	35220	55000	1314	1314	7	7	"Americas"
"Dominican Republic"	2020	11500	NA	37211	NA	829	829	NA	NA	"Americas"
"Dominican Republic"	2021	28500	NA	107375	NA	291	291	NA	NA	"Americas"
"Ecuador"	2019	31271	NA	698292	73425	5030	1909	2650	265	"Americas"
"Ecuador"	2020	4983	NA	17276	41968	5272	2001	2430	243	"Americas"
"Ecuador"	2021	43159	NA	1435556	54450	5380	2450	1493	499	"Americas"
"French Guiana"	2019	NA	NA	NA	NA	NA	NA	NA	NA	"Americas"
"French Guiana"	2020	NA	NA	NA	NA	NA	NA	NA	NA	"Americas"
"French Guiana"	2021	NA	NA	NA	NA	NA	NA	NA	NA	"Americas"
"Guatemala"	2019	128982	NA	4091	61275	2	2	2	2	"Americas"
"Guatemala"	2020	197944	NA	13386	NA	1233	1058	NA	NA	"Americas"
"Guatemala"	2021	381291	NA	12401	161675	1265	1265	0	0	"Americas"
"Guyana"	2019	1759	NA	NA	37800	20313	20313	7052	7052	"Americas"
"Guyana"	2020	1816	NA	NA	22175	32958	32958	13980	13980	"Americas"
"Guyana"	2021	95058	NA	NA	26622	36844	36844	14010	14010	"Americas"
"Haiti"	2019	19063	NA	NA	293200	10418	10418	NA	NA	"Americas"
"Haiti"	2020	971530	NA	NA	NA	21856	21856	NA	NA	"Americas"
"Haiti"	2021	19858	NA	NA	NA	9513	9513	NA	NA	"Americas"
"Honduras"	2019	32091	NA	335928	18754	383	NA	45	45	"Americas"
"Honduras"	2020	20760	NA	181715	10350	913	NA	12	12	"Americas"
"Honduras"	2021	18863	NA	124554	14605	1657	NA	12	12	"Americas"
"Mexico"	2019	19001	NA	83581	NA	631	641	12	12	"Americas"
"Mexico"	2020	13301	NA	72759	NA	369	369	0	0	"Americas"
"Mexico"	2021	17673	NA	142618	4500	275	275	0	0	"Americas"
"Nicaragua"	2019	228589	NA	139795	63500	35649	13226	57	NA	"Americas"
"Nicaragua"	2020	61520	NA	226731	NA	68813	25530	702	NA	"Americas"
"Nicaragua"	2021	61766	NA	47948	NA	23323	8653	1521	NA	"Americas"
"Panama"	2019	4337	NA	12806	30725	NA	NA	3	3	"Americas"
"Panama"	2020	NA	NA	12492	2500	1538	1582	5	5	"Americas"
"Panama"	2021	NA	NA	20719	40000	3539	3539	0	0	"Americas"
"Peru"	2019	NA	NA	59438	204000	51289	51289	4724	4724	"Americas"
"Peru"	2020	93067	NA	NA	NA	34721	34721	3198	3198	"Americas"
"Peru"	2021	20267	NA	NA	NA	18140	18140	3595	3595	"Americas"
"Suriname"	2019	6847	NA	NA	20625	202	202	202	202	"Americas"
"Suriname"	2020	6864	NA	NA	17250	236	236	127	127	"Americas"
"Suriname"	2021	10059	NA	NA	14625	76	76	8	8	"Americas"
"Venezuela (Bolivarian Republic of)"	2019	249411	NA	NA	250000	398285	398285	90153	90153	"Americas"
"Venezuela (Bolivarian Republic of)"	2020	73605	NA	NA	115417	231384	231384	48292	48292	"Americas"
"Venezuela (Bolivarian Republic of)"	2021	36362	NA	NA	257626	194057	194057	32582	32582	"Americas"
"Cambodia"	2019	555962	NA	NA	923375	98965	31883	98965	31883	"Pacific"
"Cambodia"	2020	1205286	NA	NA	1069200	37143	9176	37143	9176	"Pacific"
"Cambodia"	2021	603528	NA	NA	851240	100483	4270	100483	4270	"Pacific"
"Lao People's Democratic Republic"	2019	1085527	NA	3333	1371367	21071	6551	21071	6550	"Pacific"
"Lao People's Democratic Republic"	2020	100518	NA	2333	1667795	11251	3498	11185	3477	"Pacific"
"Lao People's Democratic Republic"	2021	46353	NA	5606	749710	16252	3852	16252	3870	"Pacific"
"Malaysia"	2019	112054	NA	323208	NA	3933	3933	3933	3923	"Pacific"
"Malaysia"	2020	123115	NA	305688	NA	2830	2830	2829	2829	"Pacific"
"Malaysia"	2021	119584	NA	324018	NA	3676	3676	3663	3663	"Pacific"
"Papua New Guinea"	2019	1476976	NA	NA	2454525	1323042	788796	1323042	788796	"Pacific"
"Papua New Guinea"	2020	1579301	NA	200	3139420	1258396	750439	1258396	750254	"Pacific"
"Papua New Guinea"	2021	1626031	NA	NA	3398965	1368984	1324753	2222000	1324753	"Pacific"
"Philippines"	2019	695691	NA	731696	370700	49359	5435	16857	4845	"Pacific"
"Philippines"	2020	329412	NA	476804	77645	54372	5987	20830	4890	"Pacific"
"Philippines"	2021	205704	NA	497569	262895	36318	3999	15910	3735	"Pacific"
"Republic of Korea"	2019	NA	NA	NA	20000	196	196	NA	NA	"Pacific"
"Republic of Korea"	2020	NA	NA	NA	NA	386	385	NA	NA	"Pacific"
"Republic of Korea"	2021	NA	NA	NA	NA	294	294	NA	NA	"Pacific"
"Solomon Islands"	2019	297010	NA	NA	484750	230880	83733	230880	83364	"Pacific"
"Solomon Islands"	2020	7530	NA	NA	275000	239064	87477	239064	86319	"Pacific"
"Solomon Islands"	2021	182926	NA	NA	NA	328587	118643	328587	118643	"Pacific"
"Vanuatu"	2019	80623	NA	NA	4490	7235	571	579	571	"Pacific"
"Vanuatu"	2020	NA	NA	NA	59825	6285	496	503	496	"Pacific"
"Vanuatu"	2021	37090	NA	NA	2164	42501	304	42501	304	"Pacific"
"Viet Nam"	2019	31740	NA	696751	472173	31348	5892	27704	3134	"Pacific"
"Viet Nam"	2020	53155	NA	433405	531795	9220	1733	7231	818	"Pacific"
"Viet Nam"	2021	1486700	NA	262297	389745	9569	1799	193	NA	"Pacific"
"Bangladesh"	2019	727253	NA	98786	756573	17225	17225	15099	15099	"SEAsia"
"Bangladesh"	2020	1316909	NA	NA	805166	6130	6130	4885	4885	"SEAsia"
"Bangladesh"	2021	961156	NA	NA	823336	7294	7294	5340	5340	"SEAsia"
"Bhutan"	2019	13906	NA	118730	29100	235	42	235	11	"SEAsia"
"Bhutan"	2020	122670	NA	122406	42675	NA	54	31	8	"SEAsia"
"Bhutan"	2021	13294	NA	120166	28345	656	23	0	5	"SEAsia"
"Democratic People's Republic of Korea"	2019	30928	NA	NA	458743	4000	1869	NA	NA	"SEAsia"
"Democratic People's Republic of Korea"	2020	NA	NA	402861	354097	3893	1819	NA	NA	"SEAsia"
"Democratic People's Republic of Korea"	2021	NA	NA	NA	NA	2357	1101	NA	NA	"SEAsia"
"India"	2019	22410000	NA	30363425	NA	12641952	338494	12641952	338494	"SEAsia"
"India"	2020	25221045	NA	23950862	2e+07	4447618	186532	4447618	119087	"SEAsia"
"India"	2021	16197740	NA	16159858	NA	335062	161753	335062	101566	"SEAsia"
"Indonesia"	2019	200990	NA	164192	1980775	1174186	234381	1174186	234381	"SEAsia"
"Indonesia"	2020	3448169	NA	38332	613300	1208253	241181	1208253	241181	"SEAsia"
"Indonesia"	2021	50350	NA	131818	2894125	3583329	299148	3583329	299148	"SEAsia"
"Myanmar"	2019	11046312	NA	4361	2652010	51779	53003	51779	23623	"SEAsia"
"Myanmar"	2020	569016	NA	17381	2944555	34132	15572	34132	15572	"SEAsia"
"Myanmar"	2021	160688	NA	NA	NA	33157	15127	33157	15127	"SEAsia"
"Nepal"	2019	162409	NA	263000	205636	13621	710	3522	63	"SEAsia"
"Nepal"	2020	72561	NA	41235	202300	8249	430	2180	39	"SEAsia"
"Nepal"	2021	134085	NA	43500	325075	15647	391	9539	92	"SEAsia"
"Thailand"	2019	80000	NA	489105	303613	31276	3904	11976	536	"SEAsia"
"Thailand"	2020	102150	NA	219162	69912	26766	3341	3910	175	"SEAsia"
"Thailand"	2021	130873	NA	159097	144925	361459	3254	4505	86	"SEAsia"
"Timor-Leste"	2019	97586	NA	175654	249750	1070	9	1070	9	"SEAsia"
"Timor-Leste"	2020	176785	NA	116949	137668	1664	14	1664	14	"SEAsia"
"Timor-Leste"	2021	52886	NA	76574	122955	0	0	0	0	"SEAsia"
